[offers.jpg]
moddate=232902744722d101
width=1500
height=750
text=1;152;29;Best Hotel Deals&#010;Upto 20% Off;MV Boli;0.031048,0.478103,0.055556,6.283185;v1,4294967295,4278190080,128.000000,1.000000,0.009346,1.000000,700,2,49152;;
textactive=1
